0 0.272265625 0.7604166666666667 0.05234375 0.025
2 0.3623046875 0.7809027777777778 0.10039062500000001 0.03680555555555556
1 0.2671875 0.8347222222222223 0.0328125 0.0375
3 0.35000000000000003 0.8315972222222222 0.21875 0.06458333333333334
4 0.3486328125 0.7864583333333334 0.213671875 0.16041666666666668
0 0.7814453125 0.6989583333333333 0.08164062500000001 0.06458333333333334
2 0.8617187500000001 0.7204861111111112 0.09296875 0.06736111111111111
1 0.7947265625000001 0.7711805555555555 0.057421875000000004 0.07152777777777779
1 0.9107421875 0.7722222222222223 0.012890625000000001 0.05416666666666667
4 0.8177734375000001 0.7371527777777778 0.208984375 0.17291666666666666
3 0.8326171875 0.7680555555555556 0.174609375 0.10277777777777779
0 0.5021484375 0.6482638888888889 0.032421875 0.024305555555555556
0 0.566015625 0.6479166666666667 0.0171875 0.020833333333333336
2 0.5392578125 0.6555555555555556 0.044921875 0.029166666666666667
1 0.5072265625 0.6861111111111111 0.034765625 0.030555555555555558
1 0.5681640625000001 0.685763888888889 0.019140625 0.029861111111111113
4 0.5291015625000001 0.665625 0.098046875 0.08263888888888889
3 0.5300781250000001 0.6815972222222223 0.09140625000000001 0.04513888888888889
0 0.43203125000000003 0.7475694444444445 0.040625 0.04236111111111111
0 0.1572265625 0.6940972222222223 0.024609375000000003 0.02291666666666667
1 0.15937500000000002 0.7319444444444445 0.03125 0.029166666666666667
2 0.19550781250000002 0.7048611111111112 0.058984375000000006 0.030555555555555558
3 0.18125000000000002 0.7246527777777778 0.08125 0.05347222222222223
4 0.19140625 0.7104166666666667 0.1 0.09027777777777778
